1
1
1
2
3
1
3
1
1
3
2
1
1
1
1
2
4
1
1
1
1
1
1
3
1
1
2
9
1
1
3
2
1
1
2
2
1
1
1
1
1
5
1
1
11
1
2
2
1
1
1
8
1
1
2
1
3
1
1
1
1
1
1
8
3
1
1
1
13
1
3
2
1
4
1
6
10
2
1
3
1
1
8
11
3
1
1
3
1
1
2
1
49
23
2
5
2
1
10
1
1
6
2
1
29
1
1
14
1
3
1
2
2
1
2
1
3
1
1
1
4
5
1
41
7
1
4
9
1
2
6
2
5
3
1
1
1
2
5
1
1
6
1
2
1
1
4
1
2
5
1
7
9
46
1
4
4
1
1
7
1
6
2
5
29
1
4
2
3
10
1
1
1
1
1
3
5
1
41
1
2
2
9
3
1
42
1
2
2
6
21
1
1
1
1
37
1
2
1
7
1
1
1
1
1
2
1
18
2
1
2
6
1
1
1
14
1
12
5
1
2
1
39
1
2
1
1
5
29
1
3
2
18
1
2
1
9
1
1
2
2
3
4
28
1
11
1
1
4
2
1
5
1
1
1
7
1
1
2
3
1
18
1
1
1
4
3
4
1
1
1
8
3
1
20
1
1
1
1
1
6
1
1
27
1
3
1
14
1
1
8
1
20
1
1
3
1
2
17
1
2
2
8
48
1
1
1
5
1
5
1
2
1
3
71
1
2
1
1
1
3
5
4
4
1
1
4
1
1
13
1
2
1
1
4
1
3
1
1
4
2
3
1
2
1
3
1
1
1
1
1
1
1
1
9
1
1
1
7
2
1
1
2
1
5
1
3
1
1
2
2
3
8
68
1
2
1
8
3
1
1
2
1
1
1
1
1
2
2
1
12
2
3
1
6
3
1
1
1
1
1
7
2
2
4
1
12
1
1
2
3
1
2
1
13
1
3
1
2
1
1
1
1
1
4
1
1
1
6
1
8
1
15
1
6
1
1
1
1
1
7
10
1
4
9
1
1
1
1
3
1
1
1
1
2
1
1
3
1
1
4
12
1
2
2
1
1
6
2
1
3
1
1
4
1
5
1
2
2
1
2
1
15
1
1
4
2
12
61
1
2
1
3
2
2
26
1
1
2
1
1
1
1
1
1
3
2
11
22
2
20
1
1
1
3
1
1
21
1
1
24
1
7
1
1
1
3
1
1
1
11
8
1
6
1
2
1
1
2
6
1
1
1
1
1
2
1
1
1
5
1
3
1
1
4
1
2
3
1
5
1
4
1
4
1
2
2
5
1
1
1
1
42
2
1
1
3
2
1
1
1
1
11
1
2
1
43
1
7
1
1
2
1
1
1
1
1
3
1
1
2
10
3
1
1
4
1
11
3
1
2
8
1
1
2
2
1
1
1
1
12
8
6
4
12
20
4
73
1
1
1
13
1
14
1
3
2
1
3
4
1
12
1
1
1
1
243
5
13
1
5
4
1
1
10
1
1
4
1
1
3
2
13
5
1
2
10
3
10
32
4
1
29
2
1
16
2
3
1
1
7
20
1
1
1
4
1
1
1
9
1
1
1
5
5
5
2
1
3
1
3
14
10
1
1
8
15
93
6
7
23
2
8
1
5
2
1
19
17
4
13
2
23
1
4
1
2
1
1
1
1
1
4
1
1
3
1
6
3
1
9
1
1
3
1
20
5
1
1
1
1
1
4
8
8
1
3
1
2
4
3
308
12
152
1
4
1
427
1
1
1
8
44
1
1
1
1
6
34
3
1
11
2
1
4
1
1
1
72
12
1
2
8
1
2
1
1
1
6
4
2
2
1
14
1
1
1
1
2
4
1
1
1
1
18
4
1
1
4
1
3
1952
2
1
1
1
1
4
20
2
12
1
1
1
1
1
2
2
13
7
4
4
1
1
3
43
1
4
2
1
1
5
10
1
1
127
1
2
1
1
3
10
1
20
2
3
1
2
2
5
2
5
1
1
7
1
1
18
2
1
1
1
1
1
5
4
16
22
1
3
1
2
1
1
1
1
12
17
7
13
24
1
1
1
2
8
1
1
2
1
3
3
2
1
2
1
1
1
1
265
5
7
1
5
2
1
1
7
5
7
1
2
5
2
3
1
2
1
1
1
1
1
1
1
2
4
2
31
1
9
2
1
1
1
1
1
7
8
1
1
10
1
1
1
1
18
2
12
1
1
3
1
1
1
1
3
1
6
1
1
1
1
1
2
2
1
1
1
3
14
4
1
12
1
1
1
1
26
19
2
1
1
101
2
2
1
3
2
14
1
7
1
4
1
3
1
1
1
2
1
1
2
1
1
1
4
1
5
4
1
1
1
11
1
2
1
1
1
2
1
1
1
1
9
16
2
1
1
10
1
1
1
1
1
36
1
1
1
33
4
3
1
1
7
1
1
1
3
1
1
4
5
1
8
2
1
1
3
3
9
1
1
5
1
1
1
4
1
2
3
2
1
2
1
1
1
1
1
37
5
24
1
7
1
1
1
7
1
1
1
1
3
1
2
7
1
6
6
1
1
1
1
3
1
1
14
2
3
7
2
1
8
2
5
1
3
10
12
34
2
1
1
1
1
2
1
2
2
1
1
2
2
29
1
1
2
1
1
2
24
1
6
5
1
1
4
1
115
3
1
1
1
1
1
2
6
7
1
6
1
1
1
1
1
2
1
2
1
1
1
1
1
1
1
1
11
1
1
9
2
1
1
1
9
2
1
1
1
24
1
6
1
1
9
8
3
6
3
7
2
10
8
1
1
1
3
1
1
1
9
1
1
2
1
5
4
1
1
2
5
4
1
6
14
1
1
1
1
6
6
2
2
80
2
1
7
6
3
2
154
1
5
6
4
1
1
3
1
15
1
2
2
7
2
8
2
7
2
2
2
1
1
4
2
2
2
1
6
3
2
1
1
1
1
1
1
1
2
2
2
2
39
80
1
1
2
1
3
1
2
1
9
2
2
1
1
3
1
1
9
1
3
11
1
1
1
2
1
2
5
7
1
5
1
1
1
2
6
1
1
1
1
1
1
3
2
19
1
4
3
5
30
1
1
5
1
4
2
1
5
1
4
1
1
1
5
39
1
1
1
4
1
3
1
7
1
1
6
5
7
3
1
11
2
1
7
1
2
34
3
1
1
3
3
6
27
2
1
2
21
3
1
1
6
2
3
1
13
1
2
3
1
1
141
2
42
1
6
1
2
4
1
1
2
4
1
3
1
1
1
1
1
1
2
1
1
3
14
2
1
2
1
4
1
3
5
1
1
1
2
1
2
2
2
1
2
4
1
6
26
12
1
1
1
5
1
1
2
3
3
2
1
1
1
2
1
3
2
1
5
1
5
2
2
8
1
2
6
2
1
2
2
4
3
1
1
2
3
13
2
16
5
3
3
2
7
3
40
2
4
11
2
1
10
1
6
1
13
13
2
1
1
1
1
6
1
3
1
2
2
7
3
1
2
4
2
1
1
1
462
7
2
52
1
1
7
1
1
3
2
31
1
4
2
3
37
3
7
5
1
13
10
1
13
1
1
44
1
1
1
1
1
998
9
1
2
3
1
2
1
2
1
17
1
1
2
2
1
1
1
51
2
3
1
1
1
2
3
4
2
1
1
1
38
3
1
1
3
1
1
8
1
3
2
2
2
7
1
12
1
1
1
1
2
1
3
1
7
3
13
5
3
2
1
1
1
2
1
1
18
8
1
3
1
1
1
5
1
1
50
1
1
1
1
3
1
1
1
1
54
4
1
1
1
4
1
22
2
2
1
3
3
1
1
2
1
2
5
1
1
11
23
2
1
3
1
4
1
1
1
1
1
6
1
5
1
11
1
1
4
23
1
3
1
3
1
1
1
1
1
2
2
7
3
1
16
7
1
1
13
23
11
1
4
62
2
12
2
3
13
2
1
8
1
1
6
1
1
1
1
1
3
1
2
1
1
19
1
2
2
1
5
1
1
3
39
1
4
1
1
1
3
1
5
1
14
1
1
1
1
1
1
10
1
1
2
3
1
1
1
4
1
1
1
16
1
1
1
1
7
30
1
1
2
2
1
1
1
1
3
1
1
2
1
1
1
1
5
2
1
1
3
1
29
1
43
1
1
1
86
1
1
1
1
1
1
9
1
10
1
1
50
1
4
1
1
5
1
4
1
2
13
2
3
1
1
1
2
10
6
1
24
1
1
13
1
1
1
10
1
1
2
1
1
35
8
1
3
237
3
1
1
1
4
1
1
1
2
1
6
2
1
1
2
3
1
2
1
3
42
1
3
39
5
1
1
4
6
1
4
68
1
2
1
1
1
13
6
3
14
1
2
1
13
4
1
3
1
1
2
1
1
1
2
5
1
6
1
2
1
7
1
5
1
1
1
2
1
4
9
7
9
9
1
1
1
2
1
1
2
1
3
2
1
2
1
2
2
7
1
1
4
3
1
1
1
8
5
1
1
2
1
1
1
8
7
2
1
2
1
8
14
1
4
3
2
1
1
1
1
47
1
1
4
1
1
3
1
2
1
1
3
1
1
1
2
1
1
11
1
15
1
3
2
7
2
215
6
1
1
1189
7
3
1
1
1
1
1
5
4
1
9
2
2
2
3
1
1
1
1
6
1
9
2
1
1
5
1
7
1
2
1
7
1
2
1
2
7
6
8
1
26
1
11
1
1
1
3
6
2
2
1
1
1
1
2
1
1
2
2
1
3
5
2
1
3
200
5
1
2
1
2
1
3
1
1
2
1
1
1
3
1
1
1
6
1
1
30
1
4
92
2
2
168
2
142
1
1
1
1
3
1
1
7
1
3
2
1
2
1
1
1
2
1
4
1
19
1
1
1
85
3
1
1
1
1
1
1
1
6
148
1
1
7
1
17
1
11
5
4
1
1
2
2
1
9
1
1
1
4
1
1
4
5
1
15
2
96
1
8
1
3
2
1
7
1
1
7
1
1
3
1
1
1
2
1
2
2
1
1
1
5
18
971
8
2
4
3
2
4
3
9
2
1
3
2
22
1
9
2
1
3
10
1
8
1
2
2
70
1
1
2
7
1
2
1
1
2
1
5
1
24
7
2
2
1
3
16
7
2
1
1
45
1
1
3
10
10
2
1
2
4
1
1
10
1
5
27
1
1
1
1
12
1
1
3
2
1
1
2
1
2
6
1
8
1
1
4
3
2
2
3
1
2
10
1
6
1
20
10
1
1
2
2
1
1
1
7
4
1
1
1
5
1
1
2
2
1
1
1
1
25
3
1
1
13
1
64
1
1
1
27
1
1
1
1
20
3
1
1
3
9
1
6
3
5
9
4
2
2
1
2
1
2
4
2
1
10
1
1
2
1
99
1
1
21
1
1
1
2
3
3
1
5
7
1
1
1
1
10
10
1
19
1
1
1
44
7
4
3
2
7
3
5
1
1
1
1
1
1
4
2
1
1
5
1
6
1
1
1
4
2
1
75
4
29
1
1
483
1
3
1
1
1
1
31
7
1
1
2
4
1
1
6
1
2
6
2
6
7
1
1
21
1
73
7
2
1
4
15
3
1
1
52
3
1
1
3
1
3
4
1
2
1
1
10
1
1
2
16
5
3
1
1
2
2
2
1
1
1
1
8
1
1
1
3
8
1
8
1
1
3
1
3
1
3
5
1
1
27
2
19
29
1
1
2
9
1
12
1
1
1
9
8
1
1
2
1
1
1
9
1
1
10
11
1
6
1
2
4
1
25
1
1
9
1
1
1
2
3
1
2
1
3
18
2
1
5
1
4
1
2
2
2
7
92
3
4
2
3
3
1
1
4
1
1
1
6
1
1
2
2
1
4
3
2
2
1
2
10
1
7
3
1
10
8
1
1
11
1
1
1
1
1
11
1
11
2
2
3
2
12
1
25
1
1
1
3
2
1
1
1
1
1
2
1
1
1
1
4
1
15
1
1
1
1
10
1
1
1
2
1
1
1
1
1
1
4
7
1
1
1
6
1
1
1
1
1
6
1
23
1
1
1
5
1
1
4
1
1
1
1
2
1
1
1
2
1
1
2
1
3
4
1
4
1
1
1
1
4
1
1
2
7
14
4
1
1
1
2
5
1
17
2
2
4
4
1
1
149
2
1
1
2
1
1
1
1
1
2
1
15
1
2
1
1
1
1
2
1
1
1
3
1
32
6
1
1
1
1
1
1
2
2
8
1
10
7
2
1
1
3
1
1
1
1
5
2
1
1
2
37
2
1
1
1
5
5
1
1
5
3
5
1
1
5
1
1
3
1
4
3
1
2
7
5
2
24
1
1
1
7
4
1
14
1
1
2
25
14
6
159
2
1
1
1
1
1
1
7
5
3
1
3
4
5
1
22
1
4
7
1
1
10
2
37
1
13
1
2
26
1
29
1
1
1
1
1
1
1
1
2
3
1
1
2
6
5
3
1
1
1
9
2
8
1
29
102
3
5
1
1
3
1
4
1
3
2
2
1
15
2
1
4
1
2
1
1
1
19
1
4
3
4
5
5
1
1
6
18
4
4
1
7
1
1
1
2
1
1
1
1
20
2
22
1
1
1
1
8
1
9
1
48
1
2
4
1
1
4
1
1
1
1
1
2
1
1
1
1
2
1
1
4
2
3
1
2
2
1
1
2
5
5
2
3
1
2
8
5
1
1
1
1
3
1
1
1
7
1
1
2
1
4
1
14
111
3
7
2
1
1
1
1
3
2
8
4
1
1
1
2
2
1
1
1
30
1
1
1
2
1
5
1
2
1
15
9
2
1
2
1
3
1
1
61
1
5
28
1
1
5
1
2
3
1
1
3
7
4
1
2
11
1
2
4
1
1
3
24
1
6
1
2
1
1
1
1
1
1
2
1
2
3
5
1
4
1
1
1
5
1
11
1
5
9
4
1
1
43
10
1
2
1
3
1
1
5
1
5
2
17
2
1
3
2
1
1
3
198
1
2
8
1
1
2
7
11
2
1
3
1
1
1
1
1
6
1
1
2
1
1
1
4
3
2
4
8
1
1
17
1
1
2
1
1
1
21
7
1
2
19
1
1
3
1
2
1
2
3
1
2
2
5
19
2
1
1
1
4
1
13
2
1
1
2
1
1
18
1
1
3
1
3
9
6
1
1
2
1
5
3
4
1
1
3
1
1
21
55
2
1
1
1
1
3
13
1
1
7
2
1
1
1
3
16
2
2
1
1
1
1
1
1
1
12
2
2
1
2
16
2
1
2
21
1
7
1
1
1
1
1
1
2
6
1
12
2
3
4
1
2
2
1
3
2
2
2
6
1
2
18
1
1
1
3
39
1
6
15
9
2
1
1
3
1
8
1
1
1
6
1
8
2
4
9
1
12
1
1
1
75
5
1
1
1
1
1
1
1
3
7
1
2
1
2
2
14
7
8
1
1
2
2
281
1
1
1
1
1
1
1
1
10
1
2
3
1
1
7
1
1
10
1
1
1
1
3
1
16
2
6
1
5
2
1
1
4
1
2
1
1
2
1
1
8
1
1
5
1
3
5
1
1
2
1
1
14
6
4
3
2
2
1
1
1
6
2
2
7
2
6
1
1
1
1
1
1
1
1
1
17
2
1
2
8
1
35
6
1
2
25
4
1
1
5
13
1
19
1
3
3
1
1
1
1
3
2
4
1
1
2
2
3
2
1
2
1
10
5
4
2
1
1
2
3
8
115
3
3
1
1
1
4
35
2
4
4
1
14
2
5
4
1
1
2
1
1
1
1
5
2
8
1
1
1
1
4
3
3
1
1
3
4
2
251
1
2
1
1
1
4
4
2
1
5
1
2
1
1
4
1
7
1
1
1
9
3
2
3
4
1
2
13
1
10
1
1
1
1
1
1
1
1
1
2
1
1
1
1
2
3
1
3
1
1
1
1
1
12
1
1
1
2
2
1
1
1
6
2
3
1
11
4
1
1
1
1
7
1
1
1
8
8
1
2
1
2
1
11
15
1
2
1
1
1
2
12
1
1
1
1
2
23
4
2
1
25
1
4
1
1
4
3
5
1
2
1
1
4
2
1
16
7
1
1
1
1
2
1
1
94
1
2
3
2
27
2
1
1
1
1
16
8
10
1
1
1
1
1
7
192
20
7
18
4
1
1
2
2
1
1
1
1
1
1
7
2
1
27
2
3
1
1
1
1
1
41
1
1
3
2
1
1
1
2
1
3
3
1
13
3
3
1
12
6
2
1
1
1
1
1
6
1
1
1
49
1
2
2
1
2
1
1
4
2
6
1
6
1
1
1
19
18
2
2
1
29
12
1
101
1
3
1
2
4
13
1
4
1
1
1
5
2
1
1
1
2
1
2
1
6
1
2
2
1
1
2
1
3
1
2
1
2
1
1
1
10
1
1
1
5
1
25
2
1
1
1
1
2
1
283
2
34
2
3
2
4
1
1
2
2
1
1
1
1
5
1
5
1
2
19
1
59
3
1
1
2
3
3
6
1
2
64
1
1
1
1
63
2
4
1
1
3
1
5
1
1
4
3
22
3
1
3
1
5
6
1
1
9
1
4
1
1
1
1
3
7
2
1
7
1
1
1
1
4
8
1
1
11
5
3
1
37
2
3
2
1
1
1
8
1
12
2
1
1
4
1
2
1
1
2
5
1
1
1
1
1
1
5
5
4
17
1
1
7
1
9
1
3
1
3
6
5
4
1
3
3
1
3
9
1
3
4
12
6
2
4
1
6
1
2
1
3
1
2
1
5
1
4
2
1
9
3
7
1
2
1
9
1
7
1
1
1
2
3
1
1
5
1
23
1
1
5
1
2
1
1
1
1
10
11
1
1
4
1
1
2
1
1
33
1
2
2
2
1
1
2
1
1
5
1
5
5
1
18
24
7
1
2
15
1
2
1
1
1
1
1
1
1
1
1
1
1
2
1
1
3
1
1
3
1
1
6
3
1
1
1
8
4
1
16
1
1
1
1
2
1
1
1
2
6
3
179
1
1
4
1
1
2
3
2
1
3
1
1
1
2
1
6
1
1
1
1
1
1
3
1
3
1
21
1
13
4
1
1
38
2
2
14
1
1
3
1
1
1
1
2
1
9
4
76
1
3
15
1
1
9
2
3
1
1
28
1
4
2
1
4
2
3
2
4
7
2
2
1
4
2
3
3
1
10
1
2
1
1
1
2
1
1
7
6
1
1
6
1
1
1
7
1
6
1
1
1
1
8
2
2
1
1
1
8
2
1
1
8
9
1
2
2
2
1
1
6
10
1
2
5
1
4
2
2
2
114
1
1
2
13
1
2
1
1
16
1
1
1
2
2
1
3
2
1
1
3
1
2
1
6
1
5
4
8
1
1
2
10
2
1
1
1
1
1
1
2
1
1
1
2
1
2
1
1
1
1
94
2
1
1
1
3
7
1
6
2
3
1
1
1
5
2
6
2
1
1
2
3
1
5
6
1
1
1
3
1
1
1
1
1
3
2
5
2
5
3
12
4
1
11
4
1
2
1
1
2
1
2
3
1
1
13
8
5
1
1
2
3
2
1
1
2
38
3
36
3
1
18
1
1
1
2
3
2
4
1
2
7
1
1
1
1
2
1
3
1
12
1
15
1
3
1
3
1
1
70
2
1
21
1
1
2
2
1
1
1
3
56
3
1
2
4
64
3
3
2
1
18
1
1
1
2
1
1
2
4
1
1
1
4
1
22
7
1
1
1
8
1
4
1
2
3
1
1
9
1
1
1
1
1
1
1
1
1
5
15
1
